(kicad_pcb (version 20171130) (host pcbnew "(5.1.9-0-10_14)")

  (general
    (thickness 1.6)
    (drawings 21)
    (tracks 315)
    (zones 0)
    (modules 52)
    (nets 193)
  )

  (page A4)
  (layers
    (0 F.Cu signal)
    (31 B.Cu signal)
    (32 B.Adhes user)
    (33 F.Adhes user)
    (34 B.Paste user)
    (35 F.Paste user)
    (36 B.SilkS user)
    (37 F.SilkS user)
    (38 B.Mask user)
    (39 F.Mask user)
    (40 Dwgs.User user)
    (41 Cmts.User user)
    (42 Eco1.User user)
    (43 Eco2.User user)
    (44 Edge.Cuts user)
    (45 Margin user)
    (46 B.CrtYd user)
    (47 F.CrtYd user)
    (48 B.Fab user)
    (49 F.Fab user)
  )

  (setup
    (last_trace_width 0.5)
    (user_trace_width 0.2)
    (user_trace_width 0.25)
    (user_trace_width 0.5)
    (user_trace_width 0.75)
    (user_trace_width 1)
    (user_trace_width 2)
    (trace_clearance 0.1)
    (zone_clearance 0.2)
    (zone_45_only no)
    (trace_min 0.1524)
    (via_size 0.8)
    (via_drill 0.4)
    (via_min_size 0.4)
    (via_min_drill 0.3)
    (user_via 0.5 0.3)
    (user_via 0.6 0.3)
    (user_via 0.8 0.3)
    (user_via 1.3 0.3)
    (user_via 1.3 0.7)
    (uvia_size 0.3)
    (uvia_drill 0.1)
    (uvias_allowed no)
    (uvia_min_size 0.2)
    (uvia_min_drill 0.1)
    (edge_width 0.05)
    (segment_width 0.2)
    (pcb_text_width 0.3)
    (pcb_text_size 1.5 1.5)
    (mod_edge_width 0.12)
    (mod_text_size 1 1)
    (mod_text_width 0.15)
    (pad_size 1.524 1.524)
    (pad_drill 0.762)
    (pad_to_mask_clearance 0)
    (aux_axis_origin 0 0)
    (grid_origin 86.36 29.21)
    (visible_elements 7FFFFFFF)
    (pcbplotparams
      (layerselection 0x010fc_ffffffff)
      (usegerberextensions false)
      (usegerberattributes true)
      (usegerberadvancedattributes true)
      (creategerberjobfile true)
      (excludeedgelayer true)
      (linewidth 0.100000)
      (plotframeref false)
      (viasonmask false)
      (mode 1)
      (useauxorigin false)
      (hpglpennumber 1)
      (hpglpenspeed 20)
      (hpglpendiameter 15.000000)
      (psnegative false)
      (psa4output false)
      (plotreference true)
      (plotvalue true)
      (plotinvisibletext false)
      (padsonsilk false)
      (subtractmaskfromsilk false)
      (outputformat 1)
      (mirror false)
      (drillshape 1)
      (scaleselection 1)
      (outputdirectory ""))
  )

  (net 0 "")
  (net 1 +3V3)
  (net 2 "Net-(IC1-Pad4)")
  (net 3 GND)
  (net 4 "Net-(IC2-Pad5)")
  (net 5 "Net-(IC2-Pad4)")
  (net 6 VS)
  (net 7 +5V)
  (net 8 "Net-(D1-Pad1)")
  (net 9 "Net-(D2-Pad1)")
  (net 10 "Net-(D3-Pad1)")
  (net 11 "Net-(D5-Pad1)")
  (net 12 "Net-(D6-Pad1)")
  (net 13 "Net-(D7-Pad1)")
  (net 14 /LED_ACT_n)
  (net 15 /LED_0_n)
  (net 16 /LED_1_n)
  (net 17 /LED_2_n)
  (net 18 /LED_3_n)
  (net 19 /LED_4_n)
  (net 20 /RPI_SDA1)
  (net 21 /RPI_SCL1)
  (net 22 /RPI_TXD0)
  (net 23 /RPI_RXD0)
  (net 24 /RPI_MOSI0)
  (net 25 /RPI_MISO0)
  (net 26 /RPI_SCLK0)
  (net 27 /HB_PWM4)
  (net 28 /HB_PWM2)
  (net 29 /HB_PWM1)
  (net 30 "Net-(S1-Pad7)")
  (net 31 /RPI_RUN_PG)
  (net 32 "Net-(S1-Pad5)")
  (net 33 "Net-(S1-Pad4)")
  (net 34 "Net-(S1-Pad3)")
  (net 35 /RPI_GLOBAL_EN)
  (net 36 /HB_PWM3)
  (net 37 "Net-(S2-Pad13)")
  (net 38 "Net-(S2-Pad14)")
  (net 39 "Net-(S2-Pad17)")
  (net 40 "Net-(S2-Pad18)")
  (net 41 "Net-(S2-Pad7)")
  (net 42 "Net-(S2-Pad9)")
  (net 43 "Net-(S2-Pad10)")
  (net 44 "Net-(J1-Pad100)")
  (net 45 "Net-(J1-Pad97)")
  (net 46 "Net-(J1-Pad96)")
  (net 47 /LED_PWR_n)
  (net 48 "Net-(J1-Pad94)")
  (net 49 "Net-(J1-Pad93)")
  (net 50 "Net-(J1-Pad91)")
  (net 51 "Net-(J1-Pad90)")
  (net 52 "Net-(J1-Pad89)")
  (net 53 "Net-(J1-Pad88)")
  (net 54 "Net-(J1-Pad86)")
  (net 55 "Net-(J1-Pad82)")
  (net 56 "Net-(J1-Pad80)")
  (net 57 "Net-(J1-Pad76)")
  (net 58 "Net-(J1-Pad75)")
  (net 59 "Net-(J1-Pad73)")
  (net 60 "Net-(J1-Pad72)")
  (net 61 "Net-(J1-Pad70)")
  (net 62 "Net-(J1-Pad69)")
  (net 63 "Net-(J1-Pad68)")
  (net 64 "Net-(J1-Pad67)")
  (net 65 "Net-(J1-Pad66)")
  (net 66 "Net-(J1-Pad64)")
  (net 67 "Net-(J1-Pad63)")
  (net 68 "Net-(J1-Pad62)")
  (net 69 "Net-(J1-Pad61)")
  (net 70 "Net-(J1-Pad57)")
  (net 71 "Net-(J1-Pad54)")
  (net 72 "Net-(J1-Pad39)")
  (net 73 "Net-(J1-Pad37)")
  (net 74 "Net-(J1-Pad36)")
  (net 75 "Net-(J1-Pad35)")
  (net 76 "Net-(J1-Pad34)")
  (net 77 "Net-(J1-Pad30)")
  (net 78 "Net-(J1-Pad29)")
  (net 79 "Net-(J1-Pad27)")
  (net 80 "Net-(J1-Pad25)")
  (net 81 "Net-(J1-Pad24)")
  (net 82 "Net-(J1-Pad20)")
  (net 83 "Net-(J1-Pad19)")
  (net 84 "Net-(J1-Pad18)")
  (net 85 "Net-(J1-Pad17)")
  (net 86 "Net-(J1-Pad16)")
  (net 87 "Net-(J1-Pad15)")
  (net 88 "Net-(J1-Pad12)")
  (net 89 "Net-(J1-Pad11)")
  (net 90 "Net-(J1-Pad10)")
  (net 91 "Net-(J1-Pad9)")
  (net 92 "Net-(J1-Pad8)")
  (net 93 "Net-(J1-Pad6)")
  (net 94 "Net-(J1-Pad5)")
  (net 95 "Net-(J1-Pad4)")
  (net 96 "Net-(J1-Pad3)")
  (net 97 "Net-(J2-Pad96)")
  (net 98 "Net-(J2-Pad95)")
  (net 99 "Net-(J2-Pad94)")
  (net 100 "Net-(J2-Pad93)")
  (net 101 "Net-(J2-Pad89)")
  (net 102 "Net-(J2-Pad87)")
  (net 103 "Net-(J2-Pad83)")
  (net 104 "Net-(J2-Pad81)")
  (net 105 "Net-(J2-Pad77)")
  (net 106 "Net-(J2-Pad75)")
  (net 107 "Net-(J2-Pad71)")
  (net 108 "Net-(J2-Pad69)")
  (net 109 "Net-(J2-Pad66)")
  (net 110 "Net-(J2-Pad65)")
  (net 111 "Net-(J2-Pad64)")
  (net 112 "Net-(J2-Pad63)")
  (net 113 "Net-(J2-Pad60)")
  (net 114 "Net-(J2-Pad59)")
  (net 115 "Net-(J2-Pad58)")
  (net 116 "Net-(J2-Pad57)")
  (net 117 "Net-(J2-Pad54)")
  (net 118 "Net-(J2-Pad52)")
  (net 119 "Net-(J2-Pad49)")
  (net 120 "Net-(J2-Pad48)")
  (net 121 "Net-(J2-Pad47)")
  (net 122 "Net-(J2-Pad46)")
  (net 123 "Net-(J2-Pad45)")
  (net 124 "Net-(J2-Pad43)")
  (net 125 "Net-(J2-Pad42)")
  (net 126 "Net-(J2-Pad41)")
  (net 127 "Net-(J2-Pad40)")
  (net 128 "Net-(J2-Pad39)")
  (net 129 "Net-(J2-Pad36)")
  (net 130 "Net-(J2-Pad35)")
  (net 131 "Net-(J2-Pad34)")
  (net 132 "Net-(J2-Pad33)")
  (net 133 "Net-(J2-Pad30)")
  (net 134 "Net-(J2-Pad29)")
  (net 135 "Net-(J2-Pad28)")
  (net 136 "Net-(J2-Pad27)")
  (net 137 "Net-(J2-Pad24)")
  (net 138 "Net-(J2-Pad23)")
  (net 139 "Net-(J2-Pad22)")
  (net 140 "Net-(J2-Pad21)")
  (net 141 "Net-(J2-Pad18)")
  (net 142 "Net-(J2-Pad17)")
  (net 143 "Net-(J2-Pad16)")
  (net 144 "Net-(J2-Pad15)")
  (net 145 "Net-(J2-Pad12)")
  (net 146 "Net-(J2-Pad11)")
  (net 147 "Net-(J2-Pad10)")
  (net 148 "Net-(J2-Pad9)")
  (net 149 "Net-(J2-Pad6)")
  (net 150 "Net-(J2-Pad4)")
  (net 151 "Net-(J2-Pad2)")
  (net 152 "Net-(J2-Pad1)")
  (net 153 "Net-(IC1-Pad1)")
  (net 154 "Net-(IC2-Pad3)")
  (net 155 /HB_RX)
  (net 156 /HB_TX)
  (net 157 /RPI_GP1)
  (net 158 /RPI_GP2)
  (net 159 /RPI_GP3)
  (net 160 /RPI_GP4)
  (net 161 "Net-(J1-Pad31)")
  (net 162 "Net-(J1-Pad28)")
  (net 163 "Net-(J1-Pad26)")
  (net 164 "Net-(J2-Pad100)")
  (net 165 "Net-(J2-Pad99)")
  (net 166 "Net-(J2-Pad90)")
  (net 167 "Net-(J2-Pad88)")
  (net 168 "Net-(J2-Pad84)")
  (net 169 "Net-(J2-Pad82)")
  (net 170 "Net-(J2-Pad78)")
  (net 171 "Net-(J2-Pad76)")
  (net 172 "Net-(J2-Pad72)")
  (net 173 "Net-(J2-Pad70)")
  (net 174 "Net-(J2-Pad53)")
  (net 175 "Net-(J2-Pad51)")
  (net 176 "Net-(J2-Pad5)")
  (net 177 "Net-(J2-Pad3)")
  (net 178 "Net-(C5-Pad2)")
  (net 179 "Net-(C5-Pad1)")
  (net 180 "Net-(C6-Pad1)")
  (net 181 "Net-(C7-Pad1)")
  (net 182 "Net-(D8-Pad1)")
  (net 183 /HB_TX6)
  (net 184 /HB_RX6)
  (net 185 /HB_SCLK)
  (net 186 /HB_MISO)
  (net 187 /HB_MOSI)
  (net 188 /HB_RX1)
  (net 189 /HB_TX1)
  (net 190 "Net-(S2-Pad15)")
  (net 191 "Net-(R11-Pad2)")
  (net 192 +3.3VA)

  (net_class Default "This is the default net class."
    (clearance 0.1)
    (trace_width 0.25)
    (via_dia 0.8)
    (via_drill 0.4)
    (uvia_dia 0.3)
    (uvia_drill 0.1)
    (add_net +3.3VA)
    (add_net +3V3)
    (add_net +5V)
    (add_net /HB_MISO)
    (add_net /HB_MOSI)
    (add_net /HB_PWM1)
    (add_net /HB_PWM2)
    (add_net /HB_PWM3)
    (add_net /HB_PWM4)
    (add_net /HB_RX)
    (add_net /HB_RX1)
    (add_net /HB_RX6)
    (add_net /HB_SCLK)
    (add_net /HB_TX)
    (add_net /HB_TX1)
    (add_net /HB_TX6)
    (add_net /LED_0_n)
    (add_net /LED_1_n)
    (add_net /LED_2_n)
    (add_net /LED_3_n)
    (add_net /LED_4_n)
    (add_net /LED_ACT_n)
    (add_net /LED_PWR_n)
    (add_net /RPI_GLOBAL_EN)
    (add_net /RPI_GP1)
    (add_net /RPI_GP2)
    (add_net /RPI_GP3)
    (add_net /RPI_GP4)
    (add_net /RPI_MISO0)
    (add_net /RPI_MOSI0)
    (add_net /RPI_RUN_PG)
    (add_net /RPI_RXD0)
    (add_net /RPI_SCL1)
    (add_net /RPI_SCLK0)
    (add_net /RPI_SDA1)
    (add_net /RPI_TXD0)
    (add_net GND)
    (add_net "Net-(C5-Pad1)")
    (add_net "Net-(C5-Pad2)")
    (add_net "Net-(C6-Pad1)")
    (add_net "Net-(C7-Pad1)")
    (add_net "Net-(D1-Pad1)")
    (add_net "Net-(D2-Pad1)")
    (add_net "Net-(D3-Pad1)")
    (add_net "Net-(D5-Pad1)")
    (add_net "Net-(D6-Pad1)")
    (add_net "Net-(D7-Pad1)")
    (add_net "Net-(D8-Pad1)")
    (add_net "Net-(IC1-Pad1)")
    (add_net "Net-(IC1-Pad4)")
    (add_net "Net-(IC2-Pad3)")
    (add_net "Net-(IC2-Pad4)")
    (add_net "Net-(IC2-Pad5)")
    (add_net "Net-(J1-Pad10)")
    (add_net "Net-(J1-Pad100)")
    (add_net "Net-(J1-Pad11)")
    (add_net "Net-(J1-Pad12)")
    (add_net "Net-(J1-Pad15)")
    (add_net "Net-(J1-Pad16)")
    (add_net "Net-(J1-Pad17)")
    (add_net "Net-(J1-Pad18)")
    (add_net "Net-(J1-Pad19)")
    (add_net "Net-(J1-Pad20)")
    (add_net "Net-(J1-Pad24)")
    (add_net "Net-(J1-Pad25)")
    (add_net "Net-(J1-Pad26)")
    (add_net "Net-(J1-Pad27)")
    (add_net "Net-(J1-Pad28)")
    (add_net "Net-(J1-Pad29)")
    (add_net "Net-(J1-Pad3)")
    (add_net "Net-(J1-Pad30)")
    (add_net "Net-(J1-Pad31)")
    (add_net "Net-(J1-Pad34)")
    (add_net "Net-(J1-Pad35)")
    (add_net "Net-(J1-Pad36)")
    (add_net "Net-(J1-Pad37)")
    (add_net "Net-(J1-Pad39)")
    (add_net "Net-(J1-Pad4)")
    (add_net "Net-(J1-Pad5)")
    (add_net "Net-(J1-Pad54)")
    (add_net "Net-(J1-Pad57)")
    (add_net "Net-(J1-Pad6)")
    (add_net "Net-(J1-Pad61)")
    (add_net "Net-(J1-Pad62)")
    (add_net "Net-(J1-Pad63)")
    (add_net "Net-(J1-Pad64)")
    (add_net "Net-(J1-Pad66)")
    (add_net "Net-(J1-Pad67)")
    (add_net "Net-(J1-Pad68)")
    (add_net "Net-(J1-Pad69)")
    (add_net "Net-(J1-Pad70)")
    (add_net "Net-(J1-Pad72)")
    (add_net "Net-(J1-Pad73)")
    (add_net "Net-(J1-Pad75)")
    (add_net "Net-(J1-Pad76)")
    (add_net "Net-(J1-Pad8)")
    (add_net "Net-(J1-Pad80)")
    (add_net "Net-(J1-Pad82)")
    (add_net "Net-(J1-Pad86)")
    (add_net "Net-(J1-Pad88)")
    (add_net "Net-(J1-Pad89)")
    (add_net "Net-(J1-Pad9)")
    (add_net "Net-(J1-Pad90)")
    (add_net "Net-(J1-Pad91)")
    (add_net "Net-(J1-Pad93)")
    (add_net "Net-(J1-Pad94)")
    (add_net "Net-(J1-Pad96)")
    (add_net "Net-(J1-Pad97)")
    (add_net "Net-(J2-Pad1)")
    (add_net "Net-(J2-Pad10)")
    (add_net "Net-(J2-Pad100)")
    (add_net "Net-(J2-Pad11)")
    (add_net "Net-(J2-Pad12)")
    (add_net "Net-(J2-Pad15)")
    (add_net "Net-(J2-Pad16)")
    (add_net "Net-(J2-Pad17)")
    (add_net "Net-(J2-Pad18)")
    (add_net "Net-(J2-Pad2)")
    (add_net "Net-(J2-Pad21)")
    (add_net "Net-(J2-Pad22)")
    (add_net "Net-(J2-Pad23)")
    (add_net "Net-(J2-Pad24)")
    (add_net "Net-(J2-Pad27)")
    (add_net "Net-(J2-Pad28)")
    (add_net "Net-(J2-Pad29)")
    (add_net "Net-(J2-Pad3)")
    (add_net "Net-(J2-Pad30)")
    (add_net "Net-(J2-Pad33)")
    (add_net "Net-(J2-Pad34)")
    (add_net "Net-(J2-Pad35)")
    (add_net "Net-(J2-Pad36)")
    (add_net "Net-(J2-Pad39)")
    (add_net "Net-(J2-Pad4)")
    (add_net "Net-(J2-Pad40)")
    (add_net "Net-(J2-Pad41)")
    (add_net "Net-(J2-Pad42)")
    (add_net "Net-(J2-Pad43)")
    (add_net "Net-(J2-Pad45)")
    (add_net "Net-(J2-Pad46)")
    (add_net "Net-(J2-Pad47)")
    (add_net "Net-(J2-Pad48)")
    (add_net "Net-(J2-Pad49)")
    (add_net "Net-(J2-Pad5)")
    (add_net "Net-(J2-Pad51)")
    (add_net "Net-(J2-Pad52)")
    (add_net "Net-(J2-Pad53)")
    (add_net "Net-(J2-Pad54)")
    (add_net "Net-(J2-Pad57)")
    (add_net "Net-(J2-Pad58)")
    (add_net "Net-(J2-Pad59)")
    (add_net "Net-(J2-Pad6)")
    (add_net "Net-(J2-Pad60)")
    (add_net "Net-(J2-Pad63)")
    (add_net "Net-(J2-Pad64)")
    (add_net "Net-(J2-Pad65)")
    (add_net "Net-(J2-Pad66)")
    (add_net "Net-(J2-Pad69)")
    (add_net "Net-(J2-Pad70)")
    (add_net "Net-(J2-Pad71)")
    (add_net "Net-(J2-Pad72)")
    (add_net "Net-(J2-Pad75)")
    (add_net "Net-(J2-Pad76)")
    (add_net "Net-(J2-Pad77)")
    (add_net "Net-(J2-Pad78)")
    (add_net "Net-(J2-Pad81)")
    (add_net "Net-(J2-Pad82)")
    (add_net "Net-(J2-Pad83)")
    (add_net "Net-(J2-Pad84)")
    (add_net "Net-(J2-Pad87)")
    (add_net "Net-(J2-Pad88)")
    (add_net "Net-(J2-Pad89)")
    (add_net "Net-(J2-Pad9)")
    (add_net "Net-(J2-Pad90)")
    (add_net "Net-(J2-Pad93)")
    (add_net "Net-(J2-Pad94)")
    (add_net "Net-(J2-Pad95)")
    (add_net "Net-(J2-Pad96)")
    (add_net "Net-(J2-Pad99)")
    (add_net "Net-(R11-Pad2)")
    (add_net "Net-(S1-Pad3)")
    (add_net "Net-(S1-Pad4)")
    (add_net "Net-(S1-Pad5)")
    (add_net "Net-(S1-Pad7)")
    (add_net "Net-(S2-Pad10)")
    (add_net "Net-(S2-Pad13)")
    (add_net "Net-(S2-Pad14)")
    (add_net "Net-(S2-Pad15)")
    (add_net "Net-(S2-Pad17)")
    (add_net "Net-(S2-Pad18)")
    (add_net "Net-(S2-Pad7)")
    (add_net "Net-(S2-Pad9)")
    (add_net VS)
  )

  (module icarus_interface:half_socket locked (layer F.Cu) (tedit 606503D9) (tstamp 6065A20F)
    (at 99.06 29.21)
    (path /608EFF09)
    (fp_text reference S1 (at -11.43 1) (layer F.SilkS)
      (effects (font (size 1 1) (thickness 0.15)))
    )
    (fp_text value HALF_SOCKET (at 10 1) (layer F.Fab)
      (effects (font (size 1 1) (thickness 0.15)))
    )
    (fp_line (start -12.7 41.91) (end -12.7 0) (layer F.SilkS) (width 0.12))
    (fp_line (start 11.43 41.91) (end -12.7 41.91) (layer F.SilkS) (width 0.12))
    (fp_line (start 12.7 40.64) (end 11.43 41.91) (layer F.SilkS) (width 0.12))
    (fp_line (start 12.7 0) (end 12.7 40.64) (layer F.SilkS) (width 0.12))
    (fp_line (start -12.7 0) (end 12.7 0) (layer F.SilkS) (width 0.12))
    (pad 8 thru_hole circle (at -11.43 21.59) (size 1.7 1.7) (drill 1) (layers *.Cu *.Mask)
      (net 27 /HB_PWM4))
    (pad 13 thru_hole circle (at 11.43 21.59) (size 1.7 1.7) (drill 1) (layers *.Cu *.Mask)
      (net 28 /HB_PWM2))
    (pad 14 thru_hole circle (at 11.43 24.13) (size 1.7 1.7) (drill 1) (layers *.Cu *.Mask)
      (net 29 /HB_PWM1))
    (pad 15 thru_hole circle (at 11.43 26.67) (size 1.7 1.7) (drill 1) (layers *.Cu *.Mask)
      (net 184 /HB_RX6))
    (pad 16 thru_hole circle (at 11.43 29.21) (size 1.7 1.7) (drill 1) (layers *.Cu *.Mask)
      (net 183 /HB_TX6))
    (pad 7 thru_hole circle (at -11.43 24.13) (size 1.7 1.7) (drill 1) (layers *.Cu *.Mask)
      (net 30 "Net-(S1-Pad7)"))
    (pad 6 thru_hole circle (at -11.43 26.67) (size 1.7 1.7) (drill 1) (layers *.Cu *.Mask)
      (net 31 /RPI_RUN_PG))
    (pad 5 thru_hole circle (at -11.43 29.21) (size 1.7 1.7) (drill 1) (layers *.Cu *.Mask)
      (net 32 "Net-(S1-Pad5)"))
    (pad 4 thru_hole circle (at -11.43 31.75) (size 1.7 1.7) (drill 1) (layers *.Cu *.Mask)
      (net 33 "Net-(S1-Pad4)"))
    (pad 3 thru_hole circle (at -11.43 34.29) (size 1.7 1.7) (drill 1) (layers *.Cu *.Mask)
      (net 34 "Net-(S1-Pad3)"))
    (pad 2 thru_hole circle (at -11.43 36.83) (size 1.7 1.7) (drill 1) (layers *.Cu *.Mask)
      (net 1 +3V3))
    (pad 1 thru_hole circle (at -11.43 39.37) (size 1.7 1.7) (drill 1) (layers *.Cu *.Mask)
      (net 3 GND))
    (pad 9 thru_hole circle (at -3.81 1.27) (size 1.7 1.7) (drill 1) (layers *.Cu *.Mask)
      (net 18 /LED_3_n))
    (pad 10 thru_hole circle (at -1.27 1.27) (size 1.7 1.7) (drill 1) (layers *.Cu *.Mask)
      (net 35 /RPI_GLOBAL_EN))
    (model ${KISYS3DMOD}/Connector_PinHeader_2.54mm.3dshapes/PinHeader_1x02_P2.54mm_Vertical.step
      (offset (xyz -1.3 -1.2 -2.5))
      (scale (xyz 1 1 1))
      (rotate (xyz 0 180 90))
    )
    (model ${KISYS3DMOD}/Connector_PinHeader_2.54mm.3dshapes/PinHeader_1x08_P2.54mm_Vertical.step
      (offset (xyz -11.4 -21.5 -2))
      (scale (xyz 1 1 1))
      (rotate (xyz 0 180 0))
    )
    (model ${KISYS3DMOD}/Connector_PinHeader_2.54mm.3dshapes/PinHeader_1x04_P2.54mm_Vertical.step
      (offset (xyz 11.4 -21.5 -2))
      (scale (xyz 1 1 1))
      (rotate (xyz 0 180 0))
    )
  )

  (module Resistor_SMD:R_0805_2012Metric (layer B.Cu) (tedit 5F68FEEE) (tstamp 60665557)
    (at 134.366 37.338 270)
    (descr "Resistor SMD 0805 (2012 Metric), square (rectangular) end terminal, IPC_7351 nominal, (Body size source: IPC-SM-782 page 72, https://www.pcb-3d.com/wordpress/wp-content/uploads/ipc-sm-782a_amendment_1_and_2.pdf), generated with kicad-footprint-generator")
    (tags resistor)
    (path /60E82E45)
    (attr smd)
    (fp_text reference R19 (at 0 1.65 270) (layer B.SilkS)
      (effects (font (size 1 1) (thickness 0.15)) (justify mirror))
    )
    (fp_text value 1k (at 0 -1.65 270) (layer B.Fab)
      (effects (font (size 1 1) (thickness 0.15)) (justify mirror))
    )
    (fp_text user %R (at 0 0 270) (layer B.Fab)
      (effects (font (size 0.5 0.5) (thickness 0.08)) (justify mirror))
    )
    (fp_line (start -1 -0.625) (end -1 0.625) (layer B.Fab) (width 0.1))
    (fp_line (start -1 0.625) (end 1 0.625) (layer B.Fab) (width 0.1))
    (fp_line (start 1 0.625) (end 1 -0.625) (layer B.Fab) (width 0.1))
    (fp_line (start 1 -0.625) (end -1 -0.625) (layer B.Fab) (width 0.1))
    (fp_line (start -0.227064 0.735) (end 0.227064 0.735) (layer B.SilkS) (width 0.12))
    (fp_line (start -0.227064 -0.735) (end 0.227064 -0.735) (layer B.SilkS) (width 0.12))
    (fp_line (start -1.68 -0.95) (end -1.68 0.95) (layer B.CrtYd) (width 0.05))
    (fp_line (start -1.68 0.95) (end 1.68 0.95) (layer B.CrtYd) (width 0.05))
    (fp_line (start 1.68 0.95) (end 1.68 -0.95) (layer B.CrtYd) (width 0.05))
    (fp_line (start 1.68 -0.95) (end -1.68 -0.95) (layer B.CrtYd) (width 0.05))
    (pad 2 smd roundrect (at 0.9125 0 270) (size 1.025 1.4) (layers B.Cu B.Paste B.Mask) (roundrect_rratio 0.243902)
      (net 3 GND))
    (pad 1 smd roundrect (at -0.9125 0 270) (size 1.025 1.4) (layers B.Cu B.Paste B.Mask) (roundrect_rratio 0.243902)
      (net 191 "Net-(R11-Pad2)"))
    (model ${KISYS3DMOD}/Resistor_SMD.3dshapes/R_0805_2012Metric.wrl
      (at (xyz 0 0 0))
      (scale (xyz 1 1 1))
      (rotate (xyz 0 0 0))
    )
  )

  (module Resistor_SMD:R_0805_2012Metric (layer F.Cu) (tedit 5F68FEEE) (tstamp 6065ECC7)
    (at 114.808 40.386 270)
    (descr "Resistor SMD 0805 (2012 Metric), square (rectangular) end terminal, IPC_7351 nominal, (Body size source: IPC-SM-782 page 72, https://www.pcb-3d.com/wordpress/wp-content/uploads/ipc-sm-782a_amendment_1_and_2.pdf), generated with kicad-footprint-generator")
    (tags resistor)
    (path /60C785CC)
    (attr smd)
    (fp_text reference R18 (at -3.048 0 90) (layer F.SilkS)
      (effects (font (size 1 1) (thickness 0.15)))
    )
    (fp_text value 1k (at 0 1.65 90) (layer F.Fab)
      (effects (font (size 1 1) (thickness 0.15)))
    )
    (fp_text user %R (at 0 0 90) (layer F.Fab)
      (effects (font (size 0.5 0.5) (thickness 0.08)))
    )
    (fp_line (start -1 0.625) (end -1 -0.625) (layer F.Fab) (width 0.1))
    (fp_line (start -1 -0.625) (end 1 -0.625) (layer F.Fab) (width 0.1))
    (fp_line (start 1 -0.625) (end 1 0.625) (layer F.Fab) (width 0.1))
    (fp_line (start 1 0.625) (end -1 0.625) (layer F.Fab) (width 0.1))
    (fp_line (start -0.227064 -0.735) (end 0.227064 -0.735) (layer F.SilkS) (width 0.12))
    (fp_line (start -0.227064 0.735) (end 0.227064 0.735) (layer F.SilkS) (width 0.12))
    (fp_line (start -1.68 0.95) (end -1.68 -0.95) (layer F.CrtYd) (width 0.05))
    (fp_line (start -1.68 -0.95) (end 1.68 -0.95) (layer F.CrtYd) (width 0.05))
    (fp_line (start 1.68 -0.95) (end 1.68 0.95) (layer F.CrtYd) (width 0.05))
    (fp_line (start 1.68 0.95) (end -1.68 0.95) (layer F.CrtYd) (width 0.05))
    (pad 2 smd roundrect (at 0.9125 0 270) (size 1.025 1.4) (layers F.Cu F.Paste F.Mask) (roundrect_rratio 0.243902)
      (net 187 /HB_MOSI))
    (pad 1 smd roundrect (at -0.9125 0 270) (size 1.025 1.4) (layers F.Cu F.Paste F.Mask) (roundrect_rratio 0.243902)
      (net 24 /RPI_MOSI0))
    (model ${KISYS3DMOD}/Resistor_SMD.3dshapes/R_0805_2012Metric.wrl
      (at (xyz 0 0 0))
      (scale (xyz 1 1 1))
      (rotate (xyz 0 0 0))
    )
  )

  (module Resistor_SMD:R_0805_2012Metric (layer F.Cu) (tedit 5F68FEEE) (tstamp 606616E0)
    (at 116.84 40.386 270)
    (descr "Resistor SMD 0805 (2012 Metric), square (rectangular) end terminal, IPC_7351 nominal, (Body size source: IPC-SM-782 page 72, https://www.pcb-3d.com/wordpress/wp-content/uploads/ipc-sm-782a_amendment_1_and_2.pdf), generated with kicad-footprint-generator")
    (tags resistor)
    (path /60C78253)
    (attr smd)
    (fp_text reference R17 (at -3.048 0 90) (layer F.SilkS)
      (effects (font (size 1 1) (thickness 0.15)))
    )
    (fp_text value 1k (at 0 1.65 90) (layer F.Fab)
      (effects (font (size 1 1) (thickness 0.15)))
    )
    (fp_text user %R (at 0 0 90) (layer F.Fab)
      (effects (font (size 0.5 0.5) (thickness 0.08)))
    )
    (fp_line (start -1 0.625) (end -1 -0.625) (layer F.Fab) (width 0.1))
    (fp_line (start -1 -0.625) (end 1 -0.625) (layer F.Fab) (width 0.1))
    (fp_line (start 1 -0.625) (end 1 0.625) (layer F.Fab) (width 0.1))
    (fp_line (start 1 0.625) (end -1 0.625) (layer F.Fab) (width 0.1))
    (fp_line (start -0.227064 -0.735) (end 0.227064 -0.735) (layer F.SilkS) (width 0.12))
    (fp_line (start -0.227064 0.735) (end 0.227064 0.735) (layer F.SilkS) (width 0.12))
    (fp_line (start -1.68 0.95) (end -1.68 -0.95) (layer F.CrtYd) (width 0.05))
    (fp_line (start -1.68 -0.95) (end 1.68 -0.95) (layer F.CrtYd) (width 0.05))
    (fp_line (start 1.68 -0.95) (end 1.68 0.95) (layer F.CrtYd) (width 0.05))
    (fp_line (start 1.68 0.95) (end -1.68 0.95) (layer F.CrtYd) (width 0.05))
    (pad 2 smd roundrect (at 0.9125 0 270) (size 1.025 1.4) (layers F.Cu F.Paste F.Mask) (roundrect_rratio 0.243902)
      (net 186 /HB_MISO))
    (pad 1 smd roundrect (at -0.9125 0 270) (size 1.025 1.4) (layers F.Cu F.Paste F.Mask) (roundrect_rratio 0.243902)
      (net 25 /RPI_MISO0))
    (model ${KISYS3DMOD}/Resistor_SMD.3dshapes/R_0805_2012Metric.wrl
      (at (xyz 0 0 0))
      (scale (xyz 1 1 1))
      (rotate (xyz 0 0 0))
    )
  )

  (module Resistor_SMD:R_0805_2012Metric (layer F.Cu) (tedit 5F68FEEE) (tstamp 6065ECA5)
    (at 118.872 40.386 270)
    (descr "Resistor SMD 0805 (2012 Metric), square (rectangular) end terminal, IPC_7351 nominal, (Body size source: IPC-SM-782 page 72, https://www.pcb-3d.com/wordpress/wp-content/uploads/ipc-sm-782a_amendment_1_and_2.pdf), generated with kicad-footprint-generator")
    (tags resistor)
    (path /60C78080)
    (attr smd)
    (fp_text reference R16 (at -3.048 0 90) (layer F.SilkS)
      (effects (font (size 1 1) (thickness 0.15)))
    )
    (fp_text value 1k (at 0 1.65 90) (layer F.Fab)
      (effects (font (size 1 1) (thickness 0.15)))
    )
    (fp_text user %R (at 0 0 90) (layer F.Fab)
      (effects (font (size 0.5 0.5) (thickness 0.08)))
    )
    (fp_line (start -1 0.625) (end -1 -0.625) (layer F.Fab) (width 0.1))
    (fp_line (start -1 -0.625) (end 1 -0.625) (layer F.Fab) (width 0.1))
    (fp_line (start 1 -0.625) (end 1 0.625) (layer F.Fab) (width 0.1))
    (fp_line (start 1 0.625) (end -1 0.625) (layer F.Fab) (width 0.1))
    (fp_line (start -0.227064 -0.735) (end 0.227064 -0.735) (layer F.SilkS) (width 0.12))
    (fp_line (start -0.227064 0.735) (end 0.227064 0.735) (layer F.SilkS) (width 0.12))
    (fp_line (start -1.68 0.95) (end -1.68 -0.95) (layer F.CrtYd) (width 0.05))
    (fp_line (start -1.68 -0.95) (end 1.68 -0.95) (layer F.CrtYd) (width 0.05))
    (fp_line (start 1.68 -0.95) (end 1.68 0.95) (layer F.CrtYd) (width 0.05))
    (fp_line (start 1.68 0.95) (end -1.68 0.95) (layer F.CrtYd) (width 0.05))
    (pad 2 smd roundrect (at 0.9125 0 270) (size 1.025 1.4) (layers F.Cu F.Paste F.Mask) (roundrect_rratio 0.243902)
      (net 185 /HB_SCLK))
    (pad 1 smd roundrect (at -0.9125 0 270) (size 1.025 1.4) (layers F.Cu F.Paste F.Mask) (roundrect_rratio 0.243902)
      (net 26 /RPI_SCLK0))
    (model ${KISYS3DMOD}/Resistor_SMD.3dshapes/R_0805_2012Metric.wrl
      (at (xyz 0 0 0))
      (scale (xyz 1 1 1))
      (rotate (xyz 0 0 0))
    )
  )

  (module Resistor_SMD:R_0805_2012Metric (layer B.Cu) (tedit 5F68FEEE) (tstamp 6065EE41)
    (at 111.76 43.942 270)
    (descr "Resistor SMD 0805 (2012 Metric), square (rectangular) end terminal, IPC_7351 nominal, (Body size source: IPC-SM-782 page 72, https://www.pcb-3d.com/wordpress/wp-content/uploads/ipc-sm-782a_amendment_1_and_2.pdf), generated with kicad-footprint-generator")
    (tags resistor)
    (path /60B51C4A)
    (attr smd)
    (fp_text reference R15 (at 3.302 0 270) (layer B.SilkS)
      (effects (font (size 1 1) (thickness 0.15)) (justify mirror))
    )
    (fp_text value 1k (at 0 -1.65 270) (layer B.Fab)
      (effects (font (size 1 1) (thickness 0.15)) (justify mirror))
    )
    (fp_text user %R (at 0 0 270) (layer B.Fab)
      (effects (font (size 0.5 0.5) (thickness 0.08)) (justify mirror))
    )
    (fp_line (start -1 -0.625) (end -1 0.625) (layer B.Fab) (width 0.1))
    (fp_line (start -1 0.625) (end 1 0.625) (layer B.Fab) (width 0.1))
    (fp_line (start 1 0.625) (end 1 -0.625) (layer B.Fab) (width 0.1))
    (fp_line (start 1 -0.625) (end -1 -0.625) (layer B.Fab) (width 0.1))
    (fp_line (start -0.227064 0.735) (end 0.227064 0.735) (layer B.SilkS) (width 0.12))
    (fp_line (start -0.227064 -0.735) (end 0.227064 -0.735) (layer B.SilkS) (width 0.12))
    (fp_line (start -1.68 -0.95) (end -1.68 0.95) (layer B.CrtYd) (width 0.05))
    (fp_line (start -1.68 0.95) (end 1.68 0.95) (layer B.CrtYd) (width 0.05))
    (fp_line (start 1.68 0.95) (end 1.68 -0.95) (layer B.CrtYd) (width 0.05))
    (fp_line (start 1.68 -0.95) (end -1.68 -0.95) (layer B.CrtYd) (width 0.05))
    (pad 2 smd roundrect (at 0.9125 0 270) (size 1.025 1.4) (layers B.Cu B.Paste B.Mask) (roundrect_rratio 0.243902)
      (net 184 /HB_RX6))
    (pad 1 smd roundrect (at -0.9125 0 270) (size 1.025 1.4) (layers B.Cu B.Paste B.Mask) (roundrect_rratio 0.243902)
      (net 22 /RPI_TXD0))
    (model ${KISYS3DMOD}/Resistor_SMD.3dshapes/R_0805_2012Metric.wrl
      (at (xyz 0 0 0))
      (scale (xyz 1 1 1))
      (rotate (xyz 0 0 0))
    )
  )

  (module Resistor_SMD:R_0805_2012Metric (layer B.Cu) (tedit 5F68FEEE) (tstamp 6065EC83)
    (at 114.046 43.942 270)
    (descr "Resistor SMD 0805 (2012 Metric), square (rectangular) end terminal, IPC_7351 nominal, (Body size source: IPC-SM-782 page 72, https://www.pcb-3d.com/wordpress/wp-content/uploads/ipc-sm-782a_amendment_1_and_2.pdf), generated with kicad-footprint-generator")
    (tags resistor)
    (path /60AFBF65)
    (attr smd)
    (fp_text reference R14 (at 3.302 0 270) (layer B.SilkS)
      (effects (font (size 1 1) (thickness 0.15)) (justify mirror))
    )
    (fp_text value 1k (at 0 -1.65 270) (layer B.Fab)
      (effects (font (size 1 1) (thickness 0.15)) (justify mirror))
    )
    (fp_text user %R (at 0 0 270) (layer B.Fab)
      (effects (font (size 0.5 0.5) (thickness 0.08)) (justify mirror))
    )
    (fp_line (start -1 -0.625) (end -1 0.625) (layer B.Fab) (width 0.1))
    (fp_line (start -1 0.625) (end 1 0.625) (layer B.Fab) (width 0.1))
    (fp_line (start 1 0.625) (end 1 -0.625) (layer B.Fab) (width 0.1))
    (fp_line (start 1 -0.625) (end -1 -0.625) (layer B.Fab) (width 0.1))
    (fp_line (start -0.227064 0.735) (end 0.227064 0.735) (layer B.SilkS) (width 0.12))
    (fp_line (start -0.227064 -0.735) (end 0.227064 -0.735) (layer B.SilkS) (width 0.12))
    (fp_line (start -1.68 -0.95) (end -1.68 0.95) (layer B.CrtYd) (width 0.05))
    (fp_line (start -1.68 0.95) (end 1.68 0.95) (layer B.CrtYd) (width 0.05))
    (fp_line (start 1.68 0.95) (end 1.68 -0.95) (layer B.CrtYd) (width 0.05))
    (fp_line (start 1.68 -0.95) (end -1.68 -0.95) (layer B.CrtYd) (width 0.05))
    (pad 2 smd roundrect (at 0.9125 0 270) (size 1.025 1.4) (layers B.Cu B.Paste B.Mask) (roundrect_rratio 0.243902)
      (net 183 /HB_TX6))
    (pad 1 smd roundrect (at -0.9125 0 270) (size 1.025 1.4) (layers B.Cu B.Paste B.Mask) (roundrect_rratio 0.243902)
      (net 23 /RPI_RXD0))
    (model ${KISYS3DMOD}/Resistor_SMD.3dshapes/R_0805_2012Metric.wrl
      (at (xyz 0 0 0))
      (scale (xyz 1 1 1))
      (rotate (xyz 0 0 0))
    )
  )

  (module Resistor_SMD:R_0805_2012Metric (layer F.Cu) (tedit 5F68FEEE) (tstamp 60659FD2)
    (at 143.764 37.592 180)
    (descr "Resistor SMD 0805 (2012 Metric), square (rectangular) end terminal, IPC_7351 nominal, (Body size source: IPC-SM-782 page 72, https://www.pcb-3d.com/wordpress/wp-content/uploads/ipc-sm-782a_amendment_1_and_2.pdf), generated with kicad-footprint-generator")
    (tags resistor)
    (path /609DC9D3)
    (attr smd)
    (fp_text reference R13 (at 0 -1.65) (layer F.SilkS)
      (effects (font (size 1 1) (thickness 0.15)))
    )
    (fp_text value 82.5k (at 0 1.65) (layer F.Fab)
      (effects (font (size 1 1) (thickness 0.15)))
    )
    (fp_text user %R (at 0 0) (layer F.Fab)
      (effects (font (size 0.5 0.5) (thickness 0.08)))
    )
    (fp_line (start -1 0.625) (end -1 -0.625) (layer F.Fab) (width 0.1))
    (fp_line (start -1 -0.625) (end 1 -0.625) (layer F.Fab) (width 0.1))
    (fp_line (start 1 -0.625) (end 1 0.625) (layer F.Fab) (width 0.1))
    (fp_line (start 1 0.625) (end -1 0.625) (layer F.Fab) (width 0.1))
    (fp_line (start -0.227064 -0.735) (end 0.227064 -0.735) (layer F.SilkS) (width 0.12))
    (fp_line (start -0.227064 0.735) (end 0.227064 0.735) (layer F.SilkS) (width 0.12))
    (fp_line (start -1.68 0.95) (end -1.68 -0.95) (layer F.CrtYd) (width 0.05))
    (fp_line (start -1.68 -0.95) (end 1.68 -0.95) (layer F.CrtYd) (width 0.05))
    (fp_line (start 1.68 -0.95) (end 1.68 0.95) (layer F.CrtYd) (width 0.05))
    (fp_line (start 1.68 0.95) (end -1.68 0.95) (layer F.CrtYd) (width 0.05))
    (pad 2 smd roundrect (at 0.9125 0 180) (size 1.025 1.4) (layers F.Cu F.Paste F.Mask) (roundrect_rratio 0.243902)
      (net 3 GND))
    (pad 1 smd roundrect (at -0.9125 0 180) (size 1.025 1.4) (layers F.Cu F.Paste F.Mask) (roundrect_rratio 0.243902)
      (net 154 "Net-(IC2-Pad3)"))
    (model ${KISYS3DMOD}/Resistor_SMD.3dshapes/R_0805_2012Metric.wrl
      (at (xyz 0 0 0))
      (scale (xyz 1 1 1))
      (rotate (xyz 0 0 0))
    )
  )

  (module Resistor_SMD:R_0805_2012Metric (layer F.Cu) (tedit 5F68FEEE) (tstamp 60659FC1)
    (at 147.066 37.592 180)
    (descr "Resistor SMD 0805 (2012 Metric), square (rectangular) end terminal, IPC_7351 nominal, (Body size source: IPC-SM-782 page 72, https://www.pcb-3d.com/wordpress/wp-content/uploads/ipc-sm-782a_amendment_1_and_2.pdf), generated with kicad-footprint-generator")
    (tags resistor)
    (path /609DC4AB)
    (attr smd)
    (fp_text reference R12 (at 0 -1.65) (layer F.SilkS)
      (effects (font (size 1 1) (thickness 0.15)))
    )
    (fp_text value 511k (at 0 1.65) (layer F.Fab)
      (effects (font (size 1 1) (thickness 0.15)))
    )
    (fp_text user %R (at 0 0) (layer F.Fab)
      (effects (font (size 0.5 0.5) (thickness 0.08)))
    )
    (fp_line (start -1 0.625) (end -1 -0.625) (layer F.Fab) (width 0.1))
    (fp_line (start -1 -0.625) (end 1 -0.625) (layer F.Fab) (width 0.1))
    (fp_line (start 1 -0.625) (end 1 0.625) (layer F.Fab) (width 0.1))
    (fp_line (start 1 0.625) (end -1 0.625) (layer F.Fab) (width 0.1))
    (fp_line (start -0.227064 -0.735) (end 0.227064 -0.735) (layer F.SilkS) (width 0.12))
    (fp_line (start -0.227064 0.735) (end 0.227064 0.735) (layer F.SilkS) (width 0.12))
    (fp_line (start -1.68 0.95) (end -1.68 -0.95) (layer F.CrtYd) (width 0.05))
    (fp_line (start -1.68 -0.95) (end 1.68 -0.95) (layer F.CrtYd) (width 0.05))
    (fp_line (start 1.68 -0.95) (end 1.68 0.95) (layer F.CrtYd) (width 0.05))
    (fp_line (start 1.68 0.95) (end -1.68 0.95) (layer F.CrtYd) (width 0.05))
    (pad 2 smd roundrect (at 0.9125 0 180) (size 1.025 1.4) (layers F.Cu F.Paste F.Mask) (roundrect_rratio 0.243902)
      (net 154 "Net-(IC2-Pad3)"))
    (pad 1 smd roundrect (at -0.9125 0 180) (size 1.025 1.4) (layers F.Cu F.Paste F.Mask) (roundrect_rratio 0.243902)
      (net 6 VS))
    (model ${KISYS3DMOD}/Resistor_SMD.3dshapes/R_0805_2012Metric.wrl
      (at (xyz 0 0 0))
      (scale (xyz 1 1 1))
      (rotate (xyz 0 0 0))
    )
  )

  (module icarus_interface:POWERDIODE (layer F.Cu) (tedit 6064CF3C) (tstamp 6065A323)
    (at 153.416 46.863 180)
    (descr PowerDI5)
    (tags Diode)
    (path /6075A785)
    (attr smd)
    (fp_text reference D4 (at -0.297 2.813) (layer F.SilkS)
      (effects (font (size 1.27 1.27) (thickness 0.254)))
    )
    (fp_text value D (at -0.297 2.813) (layer F.SilkS) hide
      (effects (font (size 1.27 1.27) (thickness 0.254)))
    )
    (fp_text user %R (at -0.297 2.813) (layer F.Fab)
      (effects (font (size 1.27 1.27) (thickness 0.254)))
    )
    (fp_line (start -2.025 -1.984) (end 2.025 -1.984) (layer F.Fab) (width 0.2))
    (fp_line (start 2.025 -1.984) (end 2.025 3.978) (layer F.Fab) (width 0.2))
    (fp_line (start 2.025 3.978) (end -2.025 3.978) (layer F.Fab) (width 0.2))
    (fp_line (start -2.025 3.978) (end -2.025 -1.984) (layer F.Fab) (width 0.2))
    (fp_line (start -2.025 -1.984) (end -2.025 3.978) (layer F.SilkS) (width 0.2))
    (fp_line (start 2.025 3.978) (end 2.025 -1.984) (layer F.SilkS) (width 0.2))
    (fp_circle (center -2.251 4.917) (end -2.251 5.08062) (layer F.SilkS) (width 0.4))
    (pad 2 smd rect (at -0.92 3.982 180) (size 1.39 1.4) (layers F.Cu F.Paste F.Mask)
      (net 3 GND))
    (pad 2 smd rect (at 0.92 3.982 180) (size 1.39 1.4) (layers F.Cu F.Paste F.Mask)
      (net 3 GND))
    (pad 1 smd rect (at 0 0 180) (size 3.36 4.86) (layers F.Cu F.Paste F.Mask)
      (net 179 "Net-(C5-Pad1)"))
  )

  (module Capacitor_SMD:C_1206_3216Metric (layer F.Cu) (tedit 5F68FEEE) (tstamp 6064CCC1)
    (at 146.304 33.02 180)
    (descr "Capacitor SMD 1206 (3216 Metric), square (rectangular) end terminal, IPC_7351 nominal, (Body size source: IPC-SM-782 page 76, https://www.pcb-3d.com/wordpress/wp-content/uploads/ipc-sm-782a_amendment_1_and_2.pdf), generated with kicad-footprint-generator")
    (tags capacitor)
    (path /606A8A81)
    (attr smd)
    (fp_text reference C2 (at 3.302 1.016) (layer F.SilkS)
      (effects (font (size 1 1) (thickness 0.15)))
    )
    (fp_text value 10u (at 0 1.85) (layer F.Fab)
      (effects (font (size 1 1) (thickness 0.15)))
    )
    (fp_text user %R (at 0 0) (layer F.Fab)
      (effects (font (size 0.8 0.8) (thickness 0.12)))
    )
    (fp_line (start -1.6 0.8) (end -1.6 -0.8) (layer F.Fab) (width 0.1))
    (fp_line (start -1.6 -0.8) (end 1.6 -0.8) (layer F.Fab) (width 0.1))
    (fp_line (start 1.6 -0.8) (end 1.6 0.8) (layer F.Fab) (width 0.1))
    (fp_line (start 1.6 0.8) (end -1.6 0.8) (layer F.Fab) (width 0.1))
    (fp_line (start -0.711252 -0.91) (end 0.711252 -0.91) (layer F.SilkS) (width 0.12))
    (fp_line (start -0.711252 0.91) (end 0.711252 0.91) (layer F.SilkS) (width 0.12))
    (fp_line (start -2.3 1.15) (end -2.3 -1.15) (layer F.CrtYd) (width 0.05))
    (fp_line (start -2.3 -1.15) (end 2.3 -1.15) (layer F.CrtYd) (width 0.05))
    (fp_line (start 2.3 -1.15) (end 2.3 1.15) (layer F.CrtYd) (width 0.05))
    (fp_line (start 2.3 1.15) (end -2.3 1.15) (layer F.CrtYd) (width 0.05))
    (pad 2 smd roundrect (at 1.475 0 180) (size 1.15 1.8) (layers F.Cu F.Paste F.Mask) (roundrect_rratio 0.217391)
      (net 3 GND))
    (pad 1 smd roundrect (at -1.475 0 180) (size 1.15 1.8) (layers F.Cu F.Paste F.Mask) (roundrect_rratio 0.217391)
      (net 6 VS))
    (model ${KISYS3DMOD}/Capacitor_SMD.3dshapes/C_1206_3216Metric.wrl
      (at (xyz 0 0 0))
      (scale (xyz 1 1 1))
      (rotate (xyz 0 0 0))
    )
  )

  (module Capacitor_SMD:C_1206_3216Metric (layer F.Cu) (tedit 5F68FEEE) (tstamp 6064D476)
    (at 146.304 35.306 180)
    (descr "Capacitor SMD 1206 (3216 Metric), square (rectangular) end terminal, IPC_7351 nominal, (Body size source: IPC-SM-782 page 76, https://www.pcb-3d.com/wordpress/wp-content/uploads/ipc-sm-782a_amendment_1_and_2.pdf), generated with kicad-footprint-generator")
    (tags capacitor)
    (path /606A90D6)
    (attr smd)
    (fp_text reference C1 (at 3.302 1.016) (layer F.SilkS)
      (effects (font (size 1 1) (thickness 0.15)))
    )
    (fp_text value 10u (at 0 1.85) (layer F.Fab)
      (effects (font (size 1 1) (thickness 0.15)))
    )
    (fp_text user %R (at 0 0) (layer F.Fab)
      (effects (font (size 0.8 0.8) (thickness 0.12)))
    )
    (fp_line (start -1.6 0.8) (end -1.6 -0.8) (layer F.Fab) (width 0.1))
    (fp_line (start -1.6 -0.8) (end 1.6 -0.8) (layer F.Fab) (width 0.1))
    (fp_line (start 1.6 -0.8) (end 1.6 0.8) (layer F.Fab) (width 0.1))
    (fp_line (start 1.6 0.8) (end -1.6 0.8) (layer F.Fab) (width 0.1))
    (fp_line (start -0.711252 -0.91) (end 0.711252 -0.91) (layer F.SilkS) (width 0.12))
    (fp_line (start -0.711252 0.91) (end 0.711252 0.91) (layer F.SilkS) (width 0.12))
    (fp_line (start -2.3 1.15) (end -2.3 -1.15) (layer F.CrtYd) (width 0.05))
    (fp_line (start -2.3 -1.15) (end 2.3 -1.15) (layer F.CrtYd) (width 0.05))
    (fp_line (start 2.3 -1.15) (end 2.3 1.15) (layer F.CrtYd) (width 0.05))
    (fp_line (start 2.3 1.15) (end -2.3 1.15) (layer F.CrtYd) (width 0.05))
    (pad 2 smd roundrect (at 1.475 0 180) (size 1.15 1.8) (layers F.Cu F.Paste F.Mask) (roundrect_rratio 0.217391)
      (net 3 GND))
    (pad 1 smd roundrect (at -1.475 0 180) (size 1.15 1.8) (layers F.Cu F.Paste F.Mask) (roundrect_rratio 0.217391)
      (net 6 VS))
    (model ${KISYS3DMOD}/Capacitor_SMD.3dshapes/C_1206_3216Metric.wrl
      (at (xyz 0 0 0))
      (scale (xyz 1 1 1))
      (rotate (xyz 0 0 0))
    )
  )

  (module Capacitor_Tantalum_SMD:CP_EIA-3528-21_Kemet-B (layer B.Cu) (tedit 5EBA9318) (tstamp 60664003)
    (at 139.192 39.116)
    (descr "Tantalum Capacitor SMD Kemet-B (3528-21 Metric), IPC_7351 nominal, (Body size from: http://www.kemet.com/Lists/ProductCatalog/Attachments/253/KEM_TC101_STD.pdf), generated with kicad-footprint-generator")
    (tags "capacitor tantalum")
    (path /609AA913)
    (attr smd)
    (fp_text reference C10 (at 3.81 0 -180) (layer B.SilkS)
      (effects (font (size 1 1) (thickness 0.15)) (justify mirror))
    )
    (fp_text value 100u (at 0 -2.35 -180) (layer B.Fab)
      (effects (font (size 1 1) (thickness 0.15)) (justify mirror))
    )
    (fp_line (start 2.45 -1.65) (end -2.45 -1.65) (layer B.CrtYd) (width 0.05))
    (fp_line (start 2.45 1.65) (end 2.45 -1.65) (layer B.CrtYd) (width 0.05))
    (fp_line (start -2.45 1.65) (end 2.45 1.65) (layer B.CrtYd) (width 0.05))
    (fp_line (start -2.45 -1.65) (end -2.45 1.65) (layer B.CrtYd) (width 0.05))
    (fp_line (start -2.46 -1.51) (end 1.75 -1.51) (layer B.SilkS) (width 0.12))
    (fp_line (start -2.46 1.51) (end -2.46 -1.51) (layer B.SilkS) (width 0.12))
    (fp_line (start 1.75 1.51) (end -2.46 1.51) (layer B.SilkS) (width 0.12))
    (fp_line (start 1.75 -1.4) (end 1.75 1.4) (layer B.Fab) (width 0.1))
    (fp_line (start -1.75 -1.4) (end 1.75 -1.4) (layer B.Fab) (width 0.1))
    (fp_line (start -1.75 0.7) (end -1.75 -1.4) (layer B.Fab) (width 0.1))
    (fp_line (start -1.05 1.4) (end -1.75 0.7) (layer B.Fab) (width 0.1))
    (fp_line (start 1.75 1.4) (end -1.05 1.4) (layer B.Fab) (width 0.1))
    (fp_text user %R (at 0 0 -180) (layer B.Fab)
      (effects (font (size 0.88 0.88) (thickness 0.13)) (justify mirror))
    )
    (pad 2 smd roundrect (at 1.5375 0) (size 1.325 2.35) (layers B.Cu B.Paste B.Mask) (roundrect_rratio 0.188679)
      (net 3 GND))
    (pad 1 smd roundrect (at -1.5375 0) (size 1.325 2.35) (layers B.Cu B.Paste B.Mask) (roundrect_rratio 0.188679)
      (net 7 +5V))
    (model ${KISYS3DMOD}/Capacitor_Tantalum_SMD.3dshapes/CP_EIA-3528-21_Kemet-B.wrl
      (at (xyz 0 0 0))
      (scale (xyz 1 1 1))
      (rotate (xyz 0 0 0))
    )
  )

